0
-842150451
-842150451
1
1
1
1
1
38
3
0
6
1
-842150451
-842150451
1
2
1
1
1
21
3
3
10
1
1
1
22
3
3
10
2
-842150451
-842150451
1
1
1
1
1
4
3
0
6
3
-842150451
-842150451
0
2
1
1
1
25
3
3
10
1
1
1
26
3
3
10
4
-842150451
-842150451
1
1
1
1
1
4
3
3
10
5
-842150451
-842150451
0
1
1
1
1
40
3
3
10
6
-842150451
-842150451
0
1
1
1
1
18
3
3
10
7
-842150451
-842150451
0
1
1
1
1
32
3
3
10
8
-842150451
-842150451
1
1
1
1
1
9
3
0
6
9
-842150451
-842150451
0
1
1
1
1
37
3
3
10
10
-842150451
-842150451
0
1
1
1
1
19
3
0
6
11
-842150451
-842150451
0
1
1
1
1
2
2
5
15
12
-842150451
-842150451
0
1
1
1
1
10
2
5
10
13
-842150451
-842150451
1
1
1
1
1
16
2
5
10
14
-842150451
-842150451
1
1
1
1
1
3
2
5
15
15
-842150451
-842150451
1
2
1
1
1
21
2
5
10
1
1
1
22
2
5
10
16
-842150451
-842150451
0
1
1
1
1
46
3
0
6
17
-842150451
-842150451
1
1
1
1
1
28
2
5
10
18
-842150451
-842150451
0
1
1
1
1
32
2
5
10
19
-842150451
-842150451
0
1
1
1
1
26
2
5
10
20
-842150451
-842150451
1
1
1
1
1
24
2
5
10
21
-842150451
-842150451
1
1
1
1
1
12
3
0
6
22
-842150451
-842150451
1
1
1
1
1
14
2
5
10
