5
-1
-1
3
0
1
49
1
1
1
0
0
3
0
6
1
1
1
0
1
3
0
6
1
1
1
0
2
3
0
6
1
1
1
0
3
3
0
6
1
1
1
1
4
3
0
6
1
1
1
0
5
3
0
6
1
1
1
0
6
3
0
6
1
1
1
0
7
3
0
6
1
1
1
0
8
3
0
6
1
1
1
1
9
3
0
6
1
1
1
1
10
3
0
6
1
1
1
0
11
3
0
6
1
1
1
1
12
3
0
6
1
1
1
0
13
3
0
6
1
1
1
0
14
3
0
6
1
1
1
1
15
3
0
6
1
1
1
1
16
3
0
6
1
1
1
0
17
3
0
6
1
1
1
0
18
3
0
6
1
1
1
1
19
3
0
6
1
1
1
0
20
3
0
6
1
1
1
0
21
3
0
6
1
1
1
0
22
3
0
6
1
1
1
0
23
3
0
6
1
1
1
0
24
3
0
6
1
1
1
1
25
3
0
6
1
1
1
0
26
3
0
6
1
1
1
0
27
3
0
6
1
1
1
0
28
3
0
6
1
1
1
0
29
3
0
6
1
1
1
0
30
3
0
6
1
1
1
0
31
3
0
6
1
1
1
0
32
3
0
6
1
1
1
1
33
3
0
6
1
1
1
0
34
3
0
6
1
1
1
0
35
3
0
6
1
1
1
0
36
3
0
6
1
1
1
0
37
3
0
6
1
1
1
1
38
3
0
6
1
1
1
0
39
3
0
6
1
1
1
0
40
3
0
6
1
1
1
0
41
3
0
6
1
1
1
0
42
3
0
6
1
1
1
0
43
3
0
6
1
1
1
0
44
3
0
6
1
1
1
0
45
3
0
6
1
1
1
1
46
3
0
6
1
1
1
0
47
3
0
6
1
1
1
0
48
3
0
6
10
-1
-1
3
3
1
49
1
1
1
0
0
3
3
10
1
1
1
0
1
3
3
10
1
1
1
1
2
3
3
10
1
1
1
0
3
3
3
10
1
1
1
1
4
3
3
10
1
1
1
0
5
3
3
10
1
1
1
0
6
3
3
10
1
1
1
0
7
3
3
10
1
1
1
0
8
3
3
10
1
1
1
0
9
3
3
10
1
1
1
1
10
3
3
10
1
1
1
1
11
3
3
10
1
1
1
0
12
3
3
10
1
1
1
0
13
3
3
10
1
1
1
0
14
3
3
10
1
1
1
0
15
3
3
10
1
1
1
1
16
3
3
10
1
1
1
1
17
3
3
10
1
1
1
1
18
3
3
10
1
1
1
0
19
3
3
10
1
1
1
0
20
3
3
10
1
1
1
1
21
3
3
10
1
1
1
1
22
3
3
10
1
1
1
0
23
3
3
10
1
1
1
0
24
3
3
10
1
1
1
1
25
3
3
10
1
1
1
1
26
3
3
10
1
1
1
0
27
3
3
10
1
1
1
0
28
3
3
10
1
1
1
0
29
3
3
10
1
1
1
0
30
3
3
10
1
1
1
1
31
3
3
10
1
1
1
1
32
3
3
10
1
1
1
0
33
3
3
10
1
1
1
0
34
3
3
10
1
1
1
0
35
3
3
10
1
1
1
1
36
3
3
10
1
1
1
1
37
3
3
10
1
1
1
0
38
3
3
10
1
1
1
0
39
3
3
10
1
1
1
1
40
3
3
10
1
1
1
0
41
3
3
10
1
1
1
0
42
3
3
10
1
1
1
0
43
3
3
10
1
1
1
0
44
3
3
10
1
1
1
1
45
3
3
10
1
1
1
0
46
3
3
10
1
1
1
0
47
3
3
10
1
1
1
0
48
3
3
10
10
-1
15
2
5
1
36
1
1
1
0
0
2
5
15
1
1
1
0
1
2
5
15
1
1
1
1
2
2
5
15
1
1
1
1
3
2
5
15
1
1
1
0
4
2
5
15
1
1
1
0
5
2
5
15
1
1
1
0
6
2
5
10
1
1
1
0
7
2
5
10
1
1
1
0
8
2
5
10
1
1
1
0
9
2
5
10
1
1
1
1
10
2
5
10
1
1
1
0
11
2
5
10
1
1
1
0
12
2
5
10
1
1
1
0
13
2
5
10
1
1
1
0
14
2
5
10
1
1
1
0
15
2
5
10
1
1
1
1
16
2
5
10
1
1
1
0
17
2
5
10
1
1
1
0
18
2
5
10
1
1
1
0
19
2
5
10
1
1
1
0
20
2
5
10
1
1
1
1
21
2
5
10
1
1
1
1
22
2
5
10
1
1
1
0
23
2
5
10
1
1
1
1
24
2
5
10
1
1
1
0
25
2
5
10
1
1
1
1
26
2
5
10
1
1
1
0
27
2
5
10
1
1
1
1
28
2
5
10
1
1
1
0
29
2
5
10
1
1
1
0
30
2
5
10
1
1
1
0
31
2
5
10
1
1
1
1
32
2
5
10
1
1
1
0
33
2
5
10
1
1
1
0
34
2
5
10
1
1
1
0
35
2
5
10
