2
1
1
6
6
1
3
1.1
1
3
1.2
2
3
1.3
3
3
1.4
4
3
1.5
5
3
1.6
6
1
2.1
7
1
2.2
8
1
2.3
9
1
2.4
10
1
2.5
11
1
2.6
12
1
3.1
13
1
3.2
14
1
3.3
15
1
3.4
16
1
3.5
17
1
3.6
18
1
4.1
19
1
4.2
20
1
4.3
21
1
4.4
22
1
4.5
23
1
4.6
24
1
5.1
25
1
5.2
26
1
5.3
27
1
5.4
28
1
5.5
29
1
5.6
30
1
6.1
31
1
6.2
32
1
6.3
33
1
6.4
34
1
6.5
35
1
6.6
36
1
5
1
5
5
2
1
1.1
1
1
1.2
2
1
1.3
3
1
1.4
4
1
1.5
5
1
2.1
6
1
2.2
7
1
2.3
8
1
2.4
9
1
2.5
10
1
3.1
11
1
3.2
12
1
3.3
13
1
3.4
14
1
3.5
15
1
4.1
16
1
4.2
17
1
4.3
18
1
4.4
19
1
4.5
20
1
5.1
21
1
5.2
22
1
5.3
23
1
5.4
24
1
5.5
25
2
2
1
6
6
1
3
1.1
1
3
1.2
2
3
1.3
3
3
1.4
4
3
1.5
5
3
1.6
6
1
2.1
7
1
2.2
8
1
2.3
9
1
2.4
10
1
2.5
11
1
2.6
12
1
3.1
13
1
3.2
14
1
3.3
15
1
3.4
16
1
3.5
17
1
3.6
18
1
4.1
19
1
4.2
20
1
4.3
21
1
4.4
22
1
4.5
23
1
4.6
24
1
5.1
25
1
5.2
26
1
5.3
27
1
5.4
28
1
5.5
29
1
5.6
30
1
6.1
31
1
6.2
32
1
6.3
33
1
6.4
34
1
6.5
35
1
6.6
36
3
3
1
7
7
3
1
1.1
1
1
1.2
2
1
1.3
3
1
1.4
4
1
1.5
5
1
1.6
6
1
1.7
7
1
2.1
8
1
2.2
9
1
2.3
10
1
2.4
11
1
2.5
12
1
2.6
13
1
2.7
14
1
3.1
15
1
3.2
16
1
3.3
17
1
3.4
18
1
3.5
19
1
3.6
20
1
3.7
21
1
4.1
22
1
4.2
23
1
4.3
24
1
4.4
25
1
4.5
26
1
4.6
27
1
4.7
28
1
5.1
29
1
5.2
30
1
5.3
31
1
5.4
32
1
5.5
33
1
5.6
34
1
5.7
35
1
6.1
36
1
6.2
37
1
6.3
38
1
6.4
39
1
6.5
40
1
6.6
41
1
6.7
42
1
7.1
43
1
7.2
44
1
7.3
45
1
7.4
46
1
7.5
47
1
7.6
48
1
7.7
49
4
0
1
5
5
4
1
1.1
1
1
1.2
2
1
1.3
3
1
1.4
4
1
1.5
5
1
2.1
6
1
2.2
7
1
2.3
8
1
2.4
9
1
2.5
10
1
3.1
11
1
3.2
12
1
3.3
13
1
3.4
14
1
3.5
15
1
4.1
16
1
4.2
17
1
4.3
18
1
4.4
19
1
4.5
20
1
5.1
21
1
5.2
22
1
5.3
23
1
5.4
24
1
5.5
25
